0x39a100 1 4 2
0x3a53b4 1 -1 2
0x3a346c 1 -1 2
0x3b6108 1 -1 2
0x3ba098 1 -1 2
0x3b61d0 1 -1 2
0x3919fc 1 -1 2
0x38dae4 1 -1 2
0x3919d4 1 -1 2
0x39a1e0 1 224 2
0x3939c8 1 -1 2
0x39179c 1 -1 2
0x3b4ce0 1 -1 2
0x3b60d4 1 -1 2
0x3bb904 1 64 2
0x389c2c 1 -1 2
0x394588 1 -1 2
0x3baa20 1 64 2
0x39842c 1 -1 2
0x399f90 1 4 2
0x3919c0 1 -1 2
0x391744 1 -1 2
0x3916c4 1 -1 2
0x399efc 1 4 2
0x3ba96c 1 64 2
0x394d80 1 68 2
0x3a47b8 1 -1 2
0x3b63e8 1 -1 2
0x395dc8 1 -1 2
0x3bb850 1 64 2
0x3919e8 1 -1 2
0x3945e0 1 -1 2
0x391598 1 -1 2
0x3b9a48 1 -1 2
0x39135c 1 -1 2
0x3b6140 1 -1 2
0x3b7374 1 -1 2
0x3938dc 1 -1 2
0x3998a8 1 -1 2
0x3a541c 1 -1 2
0x39389c 1 128 2
0x39b21c 1 -1 2
0x3b60a4 1 -1 2
0x388fd0 1 -1 2
0x3a4e70 1 -1 2
0x3888dc 1 -1 2
0x394dbc 1 -1 2
0x391734 1 -1 2
0x3916b4 1 -1 2
0x39e798 1 -1 2
0x39d524 1 -1 2
0x39d46c 1 -1 2
0x3a0a0c 1 -1 2
0x3b63d4 1 -1 2
0x3b63c0 1 -1 2
0x397eec 1 -1 2
0x3b6170 1 -1 2
0x3b6688 1 -1 2
0x3a06c8 1 128 2
0x3a2158 1 -1 2
0x39633c 1 -1 2
0x39bf40 1 -1 2
0x3a341c 1 -1 2
0x3a33e4 1 -1 2
0x3913a4 1 -1 2
0x3bbda0 1 -1 2
0x3bb630 1 -1 2
0x391484 1 -1 2
0x3967e4 1 -1 2
0x3956a0 1 -1 2
0x3b66a4 1 -1 2
0x39f0b8 1 128 2
0x39887c 1 -1 2
0x3b70dc 1 -1 2
0x3bde68 1 -1 2
0x3c064c 1 132 2
0x3a3390 1 -1 2
0x3b63ac 1 -1 2
0x392b30 1 -1 2
0x391574 1 -1 2
0x397dc4 1 -1 2
0x396998 1 -1 2
0x39d514 1 -1 2
0x3b61a0 1 -1 2
0x39d45c 1 -1 2
0x3b7b2c 1 -1 2
0x3a2900 1 -1 2
0x3931b4 1 -1 2
0x388b6c 1 -1 2
0x38b2dc 1 -1 2
0x3917b4 1 -1 2
0x395c58 1 -1 2
