1072 2324 2644 2684 2852
1072 2324 2548 2652 2692 2860
1072 2324 2476 2772 2812 2980
1248 1568 1608 1776
1248 1472 1576 1616 1784
1248 1400 1696 1736 1904
180 1132 1436 1476 1644
180 1432 1752 1792 1960
180 1432 1656 1760 1800 1968
180 1432 1584 1880 1920 2088
180 1132 1292 1364 1628 1668 1836
164 332 388 428 596
164 324 364 668 708 876
164 324 412 732 772 940
36 340 380 548
164 332 388 428 596
164 324 364 668 708 876
164 324 412 732 772 940
148 220 324 364 532
148 220 324 364 532
948 1252 1292 1460
148 220 324 364 532
148 220 324 364 532
1072 2324 2644 2684 2852
1072 2324 2548 2652 2692 2860
1072 2324 2476 2772 2812 2980
220 324 364 532
252 404 476 580 620 788
252 404 476 580 620 788
68 212 268 308 476
68 316 356 660 700 868
68 316 380 668 708 876
68 316 380 700 740 908
68 316 380 676 716 884
68 212 260 556 596 764
68 212 260 316 356 524
68 212 356 412 452 620
68 212 260 332 436 476 644
68 316 380 428 532 572 740
68 212 356 404 508 548 716
68 316 356 404 508 548 716
68 212 260 308 412 452 620
68 212 260 332 596 636 804
68 316 380 532 828 868 1036
164 332 388 428 596
164 324 364 668 708 876
164 324 412 732 772 940
212 644 1380 1676 1716 1884
212 924 1076 1372 1412 1580
212 644 1356 1412 1452 1620
212 924 1084 1156 1420 1460 1628
212 644 1380 1532 1828 1868 2036
156 228 492 532 700
188 292 332 500
212 644 1380 1676 1716 1884
212 924 1076 1372 1412 1580
212 644 1356 1412 1452 1620
212 924 1084 1156 1420 1460 1628
212 644 1380 1532 1828 1868 2036
60 348 388 556
60 380 420 588
60 164 204 372
60 356 396 564
60 108 212 252 420
60 212 508 548 716
1072 2324 2644 2684 2852
1072 2324 2548 2652 2692 2860
1072 2324 2476 2772 2812 2980
148 220 324 364 532
148 220 324 364 532
252 404 476 580 620 788
252 404 476 580 620 788
252 404 476 580 620 788
252 404 476 580 620 788
1072 2324 2644 2684 2852
1072 2324 2548 2652 2692 2860
1072 2324 2476 2772 2812 2980
204 636 1372 1668 1708 1876
204 916 1068 1364 1404 1572
204 636 1348 1404 1444 1612
204 916 1076 1148 1412 1452 1620
204 636 1372 1524 1820 1860 2028
148 252 292 460
1248 1568 1608 1776
1248 1472 1576 1616 1784
1248 1400 1696 1736 1904
164 220 260 428
68 172 212 380
204 636 1372 1668 1708 1876
204 916 1068 1364 1404 1572
204 636 1348 1404 1444 1612
204 916 1076 1148 1412 1452 1620
204 636 1372 1524 1820 1860 2028
148 220 324 364 532
148 220 324 364 532
188 292 332 500
252 404 476 580 620 788
252 404 476 580 620 788
84 404 444 612
252 404 476 580 620 788
252 404 476 580 620 788
164 332 388 428 596
164 324 364 668 708 876
164 324 412 732 772 940
44 212 516 556 724
44 204 508 548 716
44 204 492 532 700
44 212 500 540 708
44 212 532 572 740
44 212 508 548 716
44 780 1076 1116 1284
44 756 812 852 1020
44 204 276 540 580 748
44 212 284 548 588 756
44 204 252 548 588 756
44 780 932 1228 1268 1436
44 204 252 308 348 516
44 204 220 260 564 604 772
44 212 460 500 804 844 1012
44 204 228 1180 1484 1524 1692
44 212 460 524 812 852 1020
44 204 252 324 428 468 636
44 204 252 300 404 444 612
44 204 220 308 628 668 836
44 204 228 1480 1800 1840 2008
44 212 460 524 844 884 1052
44 204 252 324 588 628 796
44 212 372 444 708 748 916
44 204 364 436 700 740 908
44 212 460 524 820 860 1028
220 324 364 532
28 116 436 476 644
1248 1568 1608 1776
1248 1472 1576 1616 1784
1248 1400 1696 1736 1904
220 324 364 532
36 92 132 300
36 76 380 420 588
36 988 1292 1332 1500
36 1144 1248 1288 1456
36 1288 1608 1648 1816
36 1288 1512 1616 1656 1824
36 1288 1440 1736 1776 1944
36 988 1148 1220 1484 1524 1692
164 332 388 428 596
164 324 364 668 708 876
164 324 412 732 772 940
148 444 484 652
1248 1568 1608 1776
1248 1472 1576 1616 1784
1248 1400 1696 1736 1904
52 92 260
148 252 292 460
252 404 476 580 620 788
252 404 476 580 620 788
252 404 476 580 620 788
252 404 476 580 620 788
68 292 396 436 604
68 1176 1280 1320 1488
68 140 292 396 436 604
68 140 364 468 508 676
68 140 1248 1352 1392 1560
68 140 388 428 732 772 940
68 140 388 452 740 780 948
68 140 156 172 276 316 484
68 140 220 292 396 436 604
68 140 220 372 476 516 684
68 140 180 356 460 500 668
68 140 1216 1392 1496 1536 1704
68 140 252 428 532 572 740
68 140 268 444 548 588 756
68 140 220 444 548 588 756
68 140 220 444 548 588 756
68 140 220 1328 1432 1472 1640
68 140 220 292 396 436 604
68 140 388 452 772 812 980
68 140 388 452 748 788 956
20 268 308 612 652 820
20 268 332 620 660 828
20 268 332 652 692 860
20 268 332 628 668 836
20 268 332 380 484 524 692
20 268 308 356 460 500 668
20 268 332 484 780 820 988
20 36 92 132 300
20 76 140 428 468 636
20 76 140 460 500 668
20 76 140 436 476 644
20 76 220 276 316 484
20 92 236 292 332 500
20 76 140 188 292 332 500
20 76 220 268 372 412 580
20 92 236 284 580 620 788
20 76 140 292 588 628 796
20 92 236 284 340 380 548
20 92 236 380 436 476 644
1104 1208 1248 1416
164 220 260 428
164 220 260 428
12 68 108 276
164 332 388 428 596
164 324 364 668 708 876
164 324 412 732 772 940
28 92 380 420 588
28 92 412 452 620
28 92 196 236 404
28 92 388 428 596
28 172 228 268 436
28 92 140 244 284 452
28 172 220 324 364 532
28 92 244 540 580 748
28 172 332 404 668 708 876
1104 1208 1248 1416
244 284 588 628 796
244 308 596 636 804
244 308 628 668 836
244 308 412 452 620
244 308 604 644 812
244 308 356 460 500 668
244 284 332 436 476 644
244 308 460 756 796 964
244 284 444 516 780 820 988
68 172 212 380
44 124 196 300 340 508
44 124 276 380 420 588
44 124 348 452 492 660
44 116 340 444 484 652
44 124 348 452 492 660
44 124 1232 1336 1376 1544
44 116 1224 1328 1368 1536
44 124 196 300 340 508
44 124 140 180 484 524 692
44 124 148 1100 1404 1444 1612
44 124 140 156 260 300 468
44 116 188 340 444 484 652
44 124 164 340 444 484 652
44 124 1200 1376 1480 1520 1688
44 124 1200 1376 1480 1520 1688
44 124 236 412 516 556 724
44 124 252 428 532 572 740
44 124 252 428 532 572 740
44 116 188 412 516 556 724
44 116 188 1296 1400 1440 1608
44 124 140 228 548 588 756
44 124 148 1400 1720 1760 1928
180 1132 1436 1476 1644
180 1432 1752 1792 1960
180 1432 1656 1760 1800 1968
180 1432 1584 1880 1920 2088
180 1132 1292 1364 1628 1668 1836
180 1132 1436 1476 1644
180 1432 1752 1792 1960
180 1432 1656 1760 1800 1968
180 1432 1584 1880 1920 2088
180 1132 1292 1364 1628 1668 1836
252 404 476 580 620 788
252 404 476 580 620 788
76 1152 1328 1432 1472 1640
76 204 380 484 524 692
76 124 140 156 260 300 468
76 1152 1168 1184 1288 1328 1496
76 124 172 188 292 332 500
28 148 196 300 340 508
28 148 324 428 468 636
28 148 372 476 516 684
28 148 228 300 404 444 612
28 284 436 508 612 652 820
28 148 228 380 484 524 692
28 148 228 452 556 596 764
28 148 220 444 548 588 756
28 148 228 452 556 596 764
28 148 228 1336 1440 1480 1648
28 148 220 1328 1432 1472 1640
28 148 228 300 404 444 612
28 284 436 508 612 652 820
28 236 668 1404 1700 1740 1908
28 244 676 1412 1708 1748 1916
28 244 956 1108 1404 1444 1612
28 236 948 1100 1396 1436 1604
28 236 668 1380 1436 1476 1644
28 244 676 1388 1444 1484 1652
252 404 476 580 620 788
252 404 476 580 620 788
100 140 308
44 148 188 356
28 92 380 420 588
28 92 412 452 620
28 92 196 236 404
28 92 388 428 596
28 172 228 268 436
28 92 140 244 284 452
28 172 220 324 364 532
28 92 244 540 580 748
28 172 332 404 668 708 876
220 324 364 532
36 340 380 548
36 84 188 228 396
36 196 268 532 572 740
172 332 404 668 708 876
44 92 108 212 252 420
44 108 148 324 428 468 636
44 108 1184 1360 1464 1504 1672
44 108 220 396 500 540 708
44 108 236 412 516 556 724
172 276 316 484
180 1132 1436 1476 1644
180 1432 1752 1792 1960
180 1432 1656 1760 1800 1968
180 1432 1584 1880 1920 2088
180 1132 1292 1364 1628 1668 1836
164 220 260 428
116 268 372 412 580
116 340 444 484 652
252 404 476 580 620 788
252 404 476 580 620 788
12 308 348 516
12 28 84 124 292
12 44 212 516 556 724
12 44 204 508 548 716
12 44 204 492 532 700
12 44 212 500 540 708
12 44 108 396 436 604
12 44 108 428 468 636
12 44 108 212 252 420
12 44 108 404 444 612
12 44 756 812 852 1020
12 44 188 244 284 452
12 84 228 284 324 492
12 84 332 372 676 716 884
12 84 332 396 684 724 892
12 44 108 156 260 300 468
12 44 188 236 340 380 548
12 84 332 396 716 756 924
12 44 204 276 540 580 748
12 44 212 284 548 588 756
12 84 332 396 692 732 900
12 44 204 252 548 588 756
12 84 228 276 572 612 780
12 44 108 260 556 596 764
12 44 204 252 308 348 516
12 84 228 276 332 372 540
12 84 228 372 428 468 636
100 140 308
20 268 308 612 652 820
20 268 332 620 660 828
20 268 332 652 692 860
20 268 332 628 668 836
20 268 332 380 484 524 692
20 268 308 356 460 500 668
20 268 332 484 780 820 988
164 332 388 428 596
164 324 364 668 708 876
164 324 412 732 772 940
20 36 92 132 300
20 76 140 428 468 636
20 76 140 460 500 668
20 76 140 436 476 644
20 76 220 276 316 484
20 92 236 292 332 500
20 76 140 188 292 332 500
20 76 220 268 372 412 580
20 92 236 284 580 620 788
20 76 140 292 588 628 796
20 92 236 284 340 380 548
20 92 236 380 436 476 644
732 884 1180 1220 1388
244 284 588 628 796
244 308 596 636 804
244 308 628 668 836
244 308 412 452 620
244 308 604 644 812
244 308 356 460 500 668
244 284 332 436 476 644
244 308 460 756 796 964
244 284 444 516 780 820 988
684 1276 1348 1452 1492 1660
684 1276 1500 1604 1644 1812
52 92 260
100 140 308
252 404 476 580 620 788
252 404 476 580 620 788
68 172 212 380
