0x8002fe8c 1 -1 2
0x80032608 1 -1 2
0x800309b0 1 -1 2
0x8002ecd0 1 -1 2
0x80033c3c 1 -1 2
0x80030b74 1 -1 2
0x800307c8 1 -1 2
0x80030820 1 -1 2
0x80033f74 1 -1 2
0x8002fdd8 1 -1 2
0x80030688 1 -1 2
0x80033ad4 1 -1 2
0x80030490 1 -1 2
0x80030770 1 -1 2
0x80033d58 1 -1 2
0x80033b50 1 28 3,4,5,6,7
0x80033a28 1 64 2
0x800325cc 1 32 2
0x80033d80 1 -1 2
0x8002e808 1 -1 2
0x8001be98 1 -1 2
0x80033dac 1 -1 2
0x8002edd8 1 -1 2
0x8002ed00 1 -1 2
0x80033cac 1 -1 2
0x8002fdc0 1 79 2
0x8002ec80 1 -1 2
0x80033a8c 1 -1 2
0x8001de64 1 69 2
0x80033dcc 1 -1 2
0x800339e8 1 -1 2
0x80030724 1 -1 2
0x8002eca8 1 -1 2
