0x822916c8 1 64 3,4,5,6,7
0x822917ec 1 64 3,4,5,6,7
0x82292210 1 64 3,4,5,6,7
0x822924e0 1 64 3,4,5,6,7
0x8229190c 1 64 3,4,5,6,7
0x82291a30 1 64 3,4,5,6,7
0x822913cc 1 64 3,4,5,6,7
0x8229145c 1 64 3,4,5,6,7
0x822923c0 1 64 3,4,5,6,7
0x8229157c 1 64 3,4,5,6,7
0x82291bbc 1 64 3,4,5,6,7
0x8229160c 1 64 3,4,5,6,7
0x82290be4 1 64 3,4,5,6,7
0x82290d08 1 64 3,4,5,6,7
0x82292600 1 64 3,4,5,6,7
0x82290b50 1 64 3,4,5,6,7
0x82290c74 1 64 3,4,5,6,7
0x82290e04 1 64 3,4,5,6,7
0x822914ec 1 64 3,4,5,6,7
0x82292720 1 64 3,4,5,6,7
